ID	Code
1000	3
1001	3
1002	1
1003	1
1004	1
1005	1
1006	1
1007	3
1008	1
1009	1
1010	3
1011	3
1012	3
1013	1
1014	1
1015	1
1016	1
1017	3
1018	1
1019	3
1020	1
1021	2
1022	1
1023	2
1024	1
1025	1
1026	2
1027	1
1028	2
1029	3
1030	1
1031	3
1032	3
1033	1
1034	1
1035	1
1036	1
1037	1
1038	3
1039	1
1040	3
1041	1
1042	1
1043	3
1044	1
1045	1
1046	3
1047	1
1048	3
1049	3
1050	2
1051	3
1052	1
1053	1
1054	1
1055	1
1056	2
1057	1
1058	1
1059	1
1060	1
1061	1
1062	1
1063	3
1064	1
1065	1
1066	3
1067	1
1068	1
1069	1
1070	3
1071	1
1072	3
1073	1
1074	1
1075	1
1076	1
1077	1
1078	1
1079	1
1080	1
1081	1
1082	1
1083	1
1084	1
1085	1
1086	1
1087	3
1088	1
1089	3
1090	3
1091	1
1092	3
1093	1
1094	1
1095	1
1096	1
1097	3
1098	3
1099	1
1100	3
1101	2
1102	1
1103	3
1104	3
1105	1
1106	3
1107	1
1108	1
1109	1
1110	1
1111	3
1112	1
1113	3
1114	3
1115	1
1116	3
1117	3
1118	3
1119	1
1120	1
1121	1
1122	1
1123	1
1124	1
1125	3
1126	1
1127	3
1128	3
1129	3
1130	1
1131	3
1132	1
1133	1
1134	1
1135	3
1136	1
1137	2
1138	1
1139	1
1140	1
1141	1
1142	2
1143	1
1144	1
1145	2
1146	2
1147	1
1148	1
1149	3
1150	3
1151	3
1152	1
1153	1
1154	3
1155	1
1156	1
1157	1
1158	3
1159	1
1160	1
1161	1
1162	3
1163	3
1164	1
1165	1
1166	1
1167	3
1168	1
1169	1
1170	1
1171	1
1172	2
1173	3
1174	1
1175	2
1176	1
1177	2
1178	1
1179	1
1180	1
1181	2
1182	1
1183	1
1184	1
1185	1
1186	3
1187	3
1188	3
1189	3
1190	3
1191	1
1192	3
1193	3
1194	3
1195	3
1196	1
1197	1
1198	1
1199	1
1200	1
1201	1
1202	1
1203	1
1204	3
1205	3
1206	3
1207	1
1208	3
1209	3
1210	1
1211	3
1212	1
1213	3
1214	1
1215	3
1216	3
1217	1
1218	3
1219	1
1220	1
1221	3
1222	1
1223	3
1224	1
1225	1
1226	3
1227	1
1228	2
1229	1
1230	1
1231	1
1232	1
1233	1
1234	1
1235	1
1236	1
1237	3
1238	1
1239	1
1240	1
1241	1
1242	3
1243	3
1244	1
1245	3
1246	1
1247	1
1248	3
1249	3
1250	1
1251	1
1252	3
1253	3
1254	2
1255	1
1256	3
1257	1
1258	2
1259	3
1260	1
1261	3
1262	1
1263	1
1264	1
1265	1
1266	1
1267	1
1268	1
1269	1
1270	1
1271	1
1272	3
1273	1
1274	1
1275	3
1276	1
1277	1
1278	1
1279	1
1280	1
1281	1
1282	3
1283	1
1284	1
1285	2
1286	1
1287	2
1288	1
1289	3
1290	3
1291	1
1292	3
1293	1
1294	1
1295	1
1296	1
1297	3
1298	3
1299	1
1300	1
1301	1
1302	1
1303	1
1304	3
1305	1
1306	3
1307	2
1308	3
1309	1
1310	3
1311	3
1312	1
1313	3
1314	3
1315	1
1316	1
1317	1
1318	3
1319	1
1320	3
1321	1
1322	1
1323	1
1324	1
1325	1
1326	3
1327	3
1328	1
1329	1
1330	3
1331	1
1332	3
1333	2
1334	1
1335	3
1336	1
1337	1
1338	1
1339	1
1340	1
1341	1
1342	1
1343	1
1344	3
1345	2
1346	1
1347	1
1348	1
1349	1
1350	1
1351	1
1352	3
1353	1
1354	1
1355	1
1356	2
1357	3
1358	3
1359	1
1360	1
1361	1
1362	1
1363	3
1364	1
1365	1
1366	1
1367	3
1368	1
1369	2
1370	2
1371	1
1372	1
1373	1
1374	1
1375	3
1376	1
1377	3
1378	3
1379	1
1380	1
1381	1
1382	1
1383	3
1384	1
1385	1
1386	2
1387	1
1388	1
1389	1
1390	1
1391	2
1392	3
1393	3
1394	3
1395	3
1396	3
1397	3
1398	1
1399	1
1400	2
1401	2
1402	1
1403	1
1404	1
1405	1
1406	1
1407	1
1408	3
1409	3
1410	1
1411	2
1412	3
1413	1
1414	2
1415	2
1416	1
1417	3
1418	1
1419	3
1420	1
1421	1
1422	3
1423	3
1424	3
1425	1
1426	1
1427	2
1428	1
1429	1
1430	1
1431	1
1432	1
1433	3
1434	3
1435	1
1436	1
1437	3
1438	1
1439	2
1440	1
1441	1
1442	3
1443	2
1444	1
1445	3
1446	1
1447	3
1448	3
1449	3
1450	3
1451	1
1452	1
1453	1
1454	3
1455	3
1456	2
1457	2
1458	1
1459	1
1460	1
1461	1
1462	1
1463	1
1464	1
1465	2
1466	1
1467	3
1468	1
1469	1
1470	3
1471	1
1472	1
1473	1
1474	3
1475	1
1476	1
1477	3
1478	2
1479	1
1480	1
1481	1
1482	1
1483	3
1484	1
1485	1
1486	1
1487	1
1488	1
1489	3
1490	3
1491	1
1492	1
1493	1
1494	1
1495	1
1496	3
1497	1
1498	1
1499	1
1500	1
1501	1
1502	1
1503	2
1504	3
1505	1
1506	1
1507	1
1508	3
1509	3
1510	1
1511	3
1512	1
1513	3
1514	1
1515	1
1516	1
1517	1
1518	3
1519	3
1520	3
1521	1
1522	3
1523	1
1524	2
1525	2
1526	1
1527	1
1528	1
1529	1
1530	1
1531	1
1532	1
1533	1
1534	1
1535	1
1536	1
1537	1
1538	3
1539	1
1540	1
1541	1
1542	1
1543	3
1544	3
1545	1
1546	1
1547	3
1548	1
1549	1
1550	1
1551	1
1552	3
1553	3
1554	3
1555	1
1556	1
1557	1
1558	1
1559	1
1560	3
1561	1
1562	3
1563	3
1564	1
1565	1
1566	1
1567	1
1568	3
1569	1
1570	3
1571	1
1572	3
1573	1
1574	3
1575	1
1576	1
1577	1
1578	3
1579	3
1580	1
1581	1
1582	1
1583	2
1584	1
1585	2
1586	1
1587	1
1588	1
1589	3
1590	1
1591	1
1592	1
1593	3
1594	1
1595	3
1596	1
1597	3
1598	1
1599	1
1600	1
1601	3
1602	2
1603	1
1604	1
1605	3
1606	1
1607	1
1608	1
1609	1
1610	1
1611	1
1612	1
1613	1
1614	3
1615	1
1616	3
1617	2
1618	1
1619	1
1620	3
1621	3
1622	3
1623	3
1624	1
1625	1
1626	1
1627	1
1628	1
1629	3
1630	1
1631	3
1632	1
1633	1
1634	1
1635	1
1636	3
1637	2
1638	3
1639	1
1640	1
1641	3
1642	1
1643	1
1644	1
1645	1
1646	1
1647	1
1648	1
1649	2
1650	1
1651	2
1652	1
1653	3
1654	1
1655	2
1656	1
1657	1
1658	1
1659	3
1660	1
1661	1
1662	3
1663	3
1664	1
1665	1
1666	1
1667	1
1668	1
1669	1
1670	1
1671	1
1672	1
1673	1
1674	1
1675	1
1676	1
1677	1
1678	3
1679	1
1680	1
1681	3
1682	1
1683	2
1684	1
1685	2
1686	3
1687	3
1688	2
1689	1
1690	1
1691	1
1692	1
1693	2
1694	1
1695	1
1696	3
1697	1
1698	1
1699	3
1700	1
1701	1
1702	3
1703	3
1704	1
1705	3
1706	1
1707	1
1708	1
1709	1
1710	1
1711	1
1712	1
1713	2
1714	3
1715	1
1716	1
1717	1
1718	1
1719	2
1720	1
1721	3
1722	1
1723	2
1724	1
1725	1
1726	3
1727	1
1728	1
1729	1
1730	1
1731	1
1732	2
1733	1
1734	1
1735	1
1736	1
1737	2
1738	3
1739	3
1740	1
1741	1
1742	1
1743	2
1744	1
1745	3
1746	3
1747	1
1748	3
1749	1
1750	1
1751	1
1752	1
1753	1
1754	1
1755	3
1756	3
1757	1
1758	1
1759	3
1760	1
1761	1
1762	1
1763	1
1764	1
1765	1
1766	1
1767	1
1768	1
1769	1
1770	1
1771	3
1772	3
1773	3
1774	1
1775	1
1776	1
1777	1
1778	1
1779	1
1780	1
1781	3
1782	1
1783	3
1784	3
1785	3
1786	1
1787	3
1788	1
1789	1
1790	1
1791	1
1792	3
1793	1
1794	1
1795	1
1796	1
1797	1
1798	1
1799	3
1800	3
1801	1
1802	1
1803	2
1804	1
1805	3
1806	2
1807	1
1808	1
1809	1
1810	1
1811	1
1812	1
1813	3
1814	1
1815	1
1816	1
1817	1
1818	1
1819	1
1820	1
1821	1
1822	3
1823	1
1824	3
1825	3
1826	3
1827	3
1828	1
1829	1
1830	3
1831	1
1832	1
1833	2
1834	1
1835	1
1836	1
1837	1
1838	3
1839	3
1840	1
1841	3
1842	1
1843	1
1844	1
1845	1
1846	1
1847	1
1848	1
1849	3
1850	1
1851	3
1852	1
1853	2
1854	1
1855	1
1856	3
1857	1
1858	1
1859	1
1860	1
1861	1
1862	1
1863	1
1864	3
1865	1
1866	3
1867	1
1868	3
1869	1
1870	1
1871	3
1872	1
1873	2
1874	1
1875	1
1876	1
1877	1
1878	1
1879	1
1880	1
1881	1
1882	1
1883	1
1884	1
1885	1
1886	1
1887	1
1888	1
1889	1
1890	1
1891	1
1892	1
1893	1
1894	1
1895	1
1896	1
1897	3
1898	1
1899	3
1900	1
1901	3
1902	3
1903	1
1904	1
1905	1
1906	1
1907	1
1908	3
1909	1
1910	1
1911	3
1912	1
1913	3
1914	1
1915	3
1916	1
1917	1
1918	1
1919	1
1920	2
1921	1
1922	1
1923	1
1924	3
1925	3
1926	1
1927	1
1928	3
1929	1
1930	3
1931	1
1932	1
1933	1
1934	1
1935	1
1936	1
1937	3
1938	1
1939	1
1940	3
1941	1
1942	1
1943	3
1944	3
1945	2
1946	1
1947	1
1948	1
1949	1
1950	1
1951	1
1952	3
1953	1
1954	1
1955	1
1956	3
1957	3
1958	3
1959	1
1960	3
1961	2
1962	1
1963	3
1964	1
1965	3
1966	1
1967	3
1968	3
1969	1
1970	1
1971	1
1972	1
1973	3
1974	3
1975	1
1976	2
1977	1
1978	3
1979	1
1980	1
1981	1
1982	1
1983	1
1984	1
1985	3
1986	1
1987	1
1988	3
1989	1
1990	1
1991	1
1992	1
1993	1
1994	1
1995	2
1996	1
1997	1
1998	3
1999	3
2000	1
2001	1
2002	2
2003	1
2004	1
2005	1
2006	1
2007	1
2008	1
2009	1
2010	1
2011	1
2012	1
2013	1
2014	3
2015	2
2016	3
2017	1
2018	1
2019	1
2020	3
2021	1
2022	1
2023	1
2024	2
2025	1
2026	3
2027	1
2028	1
2029	1
2030	1
2031	3
2032	1
2033	1
2034	1
2035	1
2036	1
2037	1
2038	3
2039	1
2040	1
2041	1
2042	1
2043	3
2044	3
2045	1
2046	1
2047	1
2048	3
2049	1
2050	1
2051	3
2052	1
2053	1
2054	1
2055	1
2056	1
2057	1
2058	1
2059	1
2060	3
2061	1
2062	1
2063	3
2064	3
2065	1
2066	3
2067	1
2068	3
2069	1
2070	1
2071	1
2072	1
2073	1
2074	3
2075	3
2076	1
2077	1
2078	1
2079	2
2080	1
2081	1
2082	2
2083	3
2084	1
2085	1
2086	1
2087	1
2088	3
2089	3
2090	1
2091	1
2092	1
2093	3
2094	2
2095	1
2096	1
2097	2
2098	1
2099	1
2100	2
2101	3
2102	2
2103	1
2104	1
2105	1
2106	1
2107	2
2108	1
2109	1
2110	1
2111	2
2112	1
2113	1
2114	1
2115	1
2116	1
2117	1
2118	1
2119	1
2120	3
2121	1
2122	3
2123	1
2124	1
2125	2
2126	1
2127	3
2128	3
2129	1
2130	3
2131	1
2132	3
2133	1
2134	3
2135	1
2136	3
2137	3
2138	1
2139	3
2140	1
2141	1
2142	3
2143	1
2144	1
2145	3
2146	1
2147	1
2148	1
2149	1
2150	3
2151	1
2152	1
2153	3
2154	1
2155	3
2156	1
2157	1
2158	1
2159	1
2160	1
2161	1
2162	3
2163	1
2164	1
2165	3
2166	1
2167	1
2168	1
2169	1
2170	3
2171	3
2172	1
2173	3
2174	2
2175	2
2176	1
2177	3
2178	3
2179	3
2180	1
2181	1
2182	1
2183	1
2184	1
2185	1
2186	3
2187	1
2188	1
2189	1
2190	3
2191	1
2192	1
2193	1
2194	1
2195	3
2196	1
2197	1
2198	3
2199	1
2200	2
2201	3
2202	1
2203	1
2204	3
2205	1
2206	1
2207	1
2208	1
2209	1
2210	3
2211	1
2212	3
2213	1
2214	3
2215	1
2216	2
2217	1
2218	1
2219	1
2220	2
2221	1
2222	1
2223	1
2224	1
2225	3
2226	1
2227	3
2228	1
2229	1
2230	1
2231	1
2232	1
2233	1
2234	3
2235	1
2236	1
2237	3
2238	1
2239	1
2240	1
2241	1
2242	2
2243	1
2244	3
2245	1
2246	3
2247	1
2248	1
2249	1
2250	1
2251	3
2252	3
2253	1
2254	1
2255	1
2256	1
2257	1
2258	1
2259	1
2260	1
2261	2
2262	3
2263	1
2264	1
2265	1
2266	3
2267	1
2268	1
2269	2
2270	1
2271	1
2272	2
2273	3
2274	3
2275	1
2276	1
2277	2
2278	1
2279	3
2280	3
2281	1
2282	1
2283	1
2284	1
2285	1
2286	2
2287	3
2288	1
2289	1
2290	3
2291	3
2292	1
2293	1
2294	1
2295	1
2296	1
2297	1
2298	3
2299	1
2300	1
2301	1
2302	1
2303	1
2304	1
2305	2
2306	3
2307	1
2308	1
2309	1
2310	3
2311	3
2312	1
2313	1
2314	1
2315	1
2316	3
2317	3
2318	1
2319	1
2320	1
2321	1
2322	3
2323	1
2324	1
2325	3
2326	3
2327	1
2328	1
2329	3
2330	3
2331	1
2332	1
2333	1
2334	1
2335	1
2336	3
2337	1
2338	1
2339	3
2340	3
2341	3
2342	3
2343	3
2344	1
2345	1
2346	1
2347	1
2348	1
2349	1
2350	3
2351	2
2352	3
2353	1
2354	1
2355	1
2356	1
2357	1
2358	1
2359	1
2360	1
2361	3
2362	3
2363	3
2364	3
2365	3
2366	3
2367	1
2368	3
2369	1
2370	1
2371	1
2372	2
2373	1
2374	1
2375	1
2376	2
2377	1
2378	3
2379	1
2380	3
2381	1
2382	1
2383	1
2384	3
2385	3
2386	2
2387	1
2388	1
2389	1
2390	2
2391	1
2392	2
2393	3
2394	1
2395	1
2396	1
2397	1
2398	3
2399	3
2400	1
2401	3
2402	2
2403	1
2404	1
2405	1
2406	1
2407	1
2408	1
2409	1
2410	1
2411	3
2412	1
2413	2
2414	1
2415	1
2416	1
2417	1
2418	3
2419	3
2420	1
2421	3
2422	1
2423	1
2424	1
2425	3
2426	1
2427	3
2428	1
2429	1
2430	3
2431	1
2432	3
2433	1
2434	3
2435	3
2436	1
2437	1
2438	1
2439	3
2440	1
2441	2
2442	1
2443	1
2444	1
2445	3
2446	1
2447	3
2448	1
2449	1
2450	3
2451	3
2452	2
2453	1
2454	3
2455	1
2456	1
2457	1
2458	1
2459	3
2460	3
2461	1
2462	1
2463	1
2464	1
2465	1
2466	3
2467	1
2468	1
2469	1
2470	3
2471	3
2472	3
2473	1
2474	1
2475	1
2476	1
2477	1
2478	1
2479	3
2480	3
2481	1
2482	1
2483	3
2484	3
2485	1
2486	3
2487	3
2488	2
2489	1
2490	1
2491	1
2492	1
2493	1
2494	1
2495	3
2496	1
2497	1
2498	3
2499	1
2500	3
2501	1
2502	1
2503	1
2504	1
2505	3
2506	2
2507	1
2508	1
2509	1
2510	1
2511	1
2512	1
2513	1
2514	1
2515	1
2516	2
2517	3
2518	1
2519	1
2520	1
2521	2
2522	1
2523	1
2524	2
2525	3
2526	1
2527	2
2528	1
2529	1
2530	1
2531	1
2532	1
2533	1
2534	1
2535	3
2536	1
2537	3
2538	3
2539	1
2540	1
2541	1
2542	1
2543	1
2544	1
2545	1
2546	1
2547	1
2548	1
2549	1
2550	2
2551	1
2552	3
2553	1
2554	2
2555	1
2556	1
2557	3
2558	3
2559	1
2560	1
2561	1
2562	1
2563	3
2564	1
2565	1
2566	1
2567	1
2568	1
2569	3
2570	1
2571	1
2572	2
2573	3
2574	1
2575	1
2576	1
2577	1
2578	3
2579	1
2580	3
2581	1
2582	2
2583	1
2584	1
2585	1
2586	1
2587	1
2588	1
2589	1
2590	3
2591	1
2592	1
2593	1
2594	1
2595	3
2596	3
2597	1
2598	1
2599	1
2600	1
2601	1
2602	3
2603	1
2604	1
2605	1
2606	1
2607	1
2608	1
2609	2
2610	1
2611	3
2612	1
2613	3
2614	3
2615	3
2616	1
2617	3
2618	3
2619	2
2620	1
2621	1
2622	3
2623	1
2624	3
2625	1
2626	3
2627	1
2628	1
2629	1
2630	1
2631	1
2632	1
2633	3
2634	1
2635	1
2636	1
2637	1
2638	1
2639	2
2640	1
2641	3
2642	3
2643	1
2644	2
2645	3
2646	1
2647	1
2648	1
2649	3
2650	1
2651	3
2652	1
2653	1
2654	1
2655	2
2656	1
2657	3
2658	1
2659	3
2660	3
2661	3
2662	1
2663	3
2664	3
2665	1
2666	1
2667	1
2668	1
2669	1
2670	1
2671	3
2672	1
2673	3
2674	2
2675	1
2676	1
2677	3
2678	1
2679	1
2680	1
2681	2
2682	1
2683	1
2684	1
2685	1
2686	1
2687	2
2688	1
2689	1
2690	1
2691	3
2692	3
2693	3
2694	1
2695	1
2696	1
2697	3
2698	1
2699	1
2700	1
2701	1
2702	1
2703	3
2704	3
2705	3
2706	1
2707	1
2708	1
2709	1
2710	1
2711	1
2712	3
2713	1
2714	1
2715	1
2716	1
2717	3
2718	1
2719	1
2720	3
2721	3
2722	2
2723	3
2724	1
2725	1
2726	3
2727	1
2728	1
2729	3
2730	1
2731	3
2732	1
2733	1
2734	1
2735	1
2736	1
2737	1
2738	1
2739	2
2740	1
2741	3
2742	1
2743	1
2744	1
2745	3
2746	1
2747	1
2748	1
2749	1
2750	3
2751	1
2752	1
2753	1
2754	1
2755	3
2756	1
2757	1
2758	1
2759	2
2760	3
2761	1
2762	3
2763	3
2764	2
2765	1
2766	3
2767	1
2768	2
2769	1
2770	1
2771	3
2772	1
2773	1
2774	1
2775	3
2776	1
2777	1
2778	1
2779	1
2780	1
2781	1
2782	1
2783	3
2784	1
2785	1
2786	1
2787	1
2788	3
2789	1
2790	1
2791	1
2792	1
2793	1
2794	1
2795	1
2796	1
2797	1
2798	1
2799	1
2800	1
2801	1
2802	1
2803	1
2804	1
2805	2
2806	3
2807	3
2808	1
2809	3
2810	1
2811	1
2812	2
2813	1
2814	1
2815	1
2816	1
2817	1
2818	2
2819	1
2820	1
2821	1
2822	1
2823	2
2824	2
2825	1
2826	1
2827	1
2828	1
2829	1
2830	2
2831	3
2832	1
2833	3
2834	1
2835	1
2836	1
2837	1
2838	1
2839	3
2840	1
2841	1
2842	3
2843	1
2844	1
2845	2
2846	1
2847	3
2848	3
2849	1
2850	1
2851	1
2852	1
2853	1
2854	3
2855	1
2856	1
2857	1
2858	3
2859	1
2860	1
2861	3
2862	3
2863	1
2864	1
2865	3
2866	3
2867	1
2868	1
2869	1
2870	3
2871	1
2872	1
2873	1
2874	1
2875	1
2876	1
2877	1
2878	1
2879	1
2880	1
2881	1
2882	2
2883	3
2884	2
2885	1
2886	1
2887	1
2888	2
2889	3
2890	1
2891	3
2892	1
2893	1
2894	1
2895	1
2896	1
2897	1
2898	1
2899	1
2900	1
2901	1
2902	1
2903	3
2904	3
2905	1
2906	3
2907	1
2908	3
2909	3
2910	3
2911	3
2912	1
2913	2
2914	3
2915	1
2916	2
2917	1
2918	1
2919	1
2920	3
2921	3
2922	1
2923	2
2924	1
2925	1
2926	1
2927	1
2928	3
2929	2
2930	2
2931	1
2932	1
2933	1
2934	3
2935	1
2936	1
2937	1
2938	1
2939	2
2940	3
2941	3
2942	1
2943	1
2944	3
2945	1
2946	3
2947	3
2948	3
2949	3
2950	1
2951	1
2952	1
2953	1
2954	3
2955	1
2956	1
2957	2
2958	1
2959	1
2960	1
2961	3
2962	1
2963	1
2964	3
2965	1
2966	3
2967	1
2968	1
2969	1
2970	3
2971	1
2972	3
2973	3
2974	3
2975	1
2976	1
2977	3
2978	2
2979	1
2980	1
2981	1
2982	3
2983	3
2984	3
2985	1
2986	1
2987	1
2988	1
2989	1
2990	1
2991	1
2992	1
2993	1
2994	3
2995	3
2996	1
2997	3
2998	3
2999	1
3000	1
3001	3
3002	2
3003	1
3004	1
3005	1
3006	1
3007	3
3008	1
3009	1
3010	1
3011	1
3012	1
3013	2
3014	3
3015	3
3016	3
3017	1
3018	3
3019	1
3020	1
3021	3
3022	3
3023	1
3024	1
3025	1
3026	3
3027	2
3028	1
3029	1
3030	1
3031	3
3032	1
3033	1
3034	1
3035	3
3036	1
3037	3
3038	3
3039	3
3040	3
3041	2
3042	1
3043	1
3044	2
3045	3
3046	1
3047	1
3048	1
3049	1
3050	1
3051	1
3052	1
3053	3
3054	2
3055	1
3056	3
3057	3
3058	1
3059	1
3060	1
3061	1
3062	1
3063	2
3064	3
3065	1
3066	1
3067	1
3068	3
3069	3
3070	1
3071	1
3072	1
3073	1
3074	1
3075	3
3076	1
3077	1
3078	1
3079	1
3080	1
3081	1
3082	1
3083	1
3084	3
3085	1
3086	3
3087	1
3088	2
3089	1
3090	3
3091	1
3092	1
3093	3
3094	1
3095	3
3096	1
3097	1
3098	1
3099	1
3100	1
3101	1
3102	1
3103	2
3104	2
3105	1
3106	3
3107	1
3108	1
3109	3
3110	1
3111	1
3112	1
3113	1
3114	1
3115	1
3116	3
3117	1
3118	1
3119	1
3120	1
3121	1
3122	1
3123	1
3124	1
3125	3
3126	1
3127	1
3128	3
3129	1
3130	3
3131	1
3132	1
3133	1
3134	1
3135	1
3136	1
3137	3
3138	1
3139	1
3140	1
3141	3
3142	1
3143	3
3144	1
3145	3
3146	1
3147	2
3148	3
3149	3
3150	3
3151	1
3152	1
3153	3
3154	1
3155	1
3156	3
3157	1
3158	3
3159	1
3160	3
3161	1
3162	1
3163	3
3164	1
3165	1
3166	3
3167	1
3168	1
3169	3
3170	1
3171	1
3172	1
3173	3
3174	1
3175	1
3176	1
3177	1
3178	1
3179	3
3180	1
3181	1
3182	1
3183	3
3184	1
3185	1
3186	3
3187	1
3188	2
3189	1
3190	3
3191	1
3192	1
3193	1
3194	1
3195	1
3196	3
3197	3
3198	1
3199	3
3200	2
3201	1
3202	3
3203	1
3204	1
3205	1
3206	2
3207	1
3208	2
3209	1
3210	1
3211	1
3212	1
3213	1
3214	2
3215	1
3216	1
3217	1
3218	3
3219	1
3220	2
3221	1
3222	1
3223	3
3224	1
3225	2
3226	1
3227	1
3228	1
3229	1
3230	2
3231	1
3232	1
3233	1
3234	1
3235	1
3236	1
3237	3
3238	1
3239	3
3240	1
3241	3
3242	1
3243	1
3244	1
3245	1
3246	1
3247	1
3248	1
3249	1
3250	3
3251	1
3252	3
3253	1
3254	3
3255	1
3256	1
3257	3
3258	1
3259	3
3260	1
3261	1
3262	1
3263	2
3264	1
3265	1
3266	1
3267	1
3268	1
3269	1
3270	1
3271	1
3272	1
3273	1
3274	2
3275	3
3276	1
3277	1
3278	1
3279	1
3280	1
3281	1
3282	1
3283	3
3284	3
3285	2
3286	1
3287	1
3288	3
3289	1
3290	1
3291	1
3292	3
3293	1
3294	1
3295	1
3296	1
3297	3
3298	3
3299	3
3300	1
3301	1
3302	1
3303	1
3304	3
3305	1
3306	1
3307	1
3308	1
3309	3
3310	1
3311	1
3312	3
3313	3
3314	1
3315	1
3316	1
3317	3
3318	3
3319	1
3320	3
3321	3
3322	3
3323	1
3324	3
3325	3
3326	1
3327	1
3328	1
3329	3
3330	2
3331	3
3332	1
3333	1
3334	1
3335	1
3336	1
3337	1
3338	3
3339	1
3340	3
3341	1
3342	1
3343	1
3344	3
3345	3
3346	1
3347	3
3348	3
3349	3
3350	3
3351	3
3352	1
3353	3
3354	3
3355	1
3356	3
3357	1
3358	1
3359	3
3360	2
3361	1
3362	3
3363	1
3364	3
3365	3
3366	1
3367	1
3368	1
3369	1
3370	3
3371	1
3372	1
3373	1
3374	1
3375	1
3376	3
3377	1
3378	1
3379	3
3380	1
3381	3
3382	1
3383	1
3384	1
3385	1
3386	1
3387	1
3388	1
3389	1
3390	1
3391	1
3392	2
3393	1
3394	1
3395	2
3396	3
3397	1
3398	1
3399	3
3400	3
3401	3
3402	1
3403	1
3404	1
3405	1
3406	3
3407	1
3408	1
3409	3
3410	2
3411	1
3412	1
3413	2
3414	3
3415	2
3416	1
3417	1
3418	3
3419	1
3420	1
3421	1
3422	2
3423	1
3424	1
3425	3
3426	3
3427	1
3428	1
3429	2
3430	1
3431	1
3432	2
3433	1
3434	1
3435	1
3436	1
3437	1
3438	1
3439	3
3440	1
3441	3
3442	1
3443	1
3444	1
3445	1
3446	1
3447	1
3448	1
3449	1
3450	3
3451	3
3452	1
3453	1
3454	2
3455	1
3456	1
3457	3
3458	1
3459	3
3460	3
3461	1
3462	2
3463	1
3464	3
3465	1
3466	1
3467	1
3468	1
3469	1
3470	1
3471	1
3472	3
3473	1
3474	1
3475	3
3476	2
3477	1
3478	1
3479	1
3480	3
3481	3
3482	3
3483	1
3484	1
3485	1
3486	1
3487	3
3488	3
3489	1
3490	1
3491	3
3492	1
3493	1
3494	1
3495	1
3496	1
3497	3
3498	1
3499	1
3500	1
3501	3
3502	3
3503	1
3504	1
3505	1
3506	1
3507	1
3508	1
3509	2
3510	1
3511	3
3512	3
3513	1
3514	1
3515	2
3516	3
3517	1
3518	1
3519	1
3520	1
3521	3
3522	1
3523	1
3524	3
3525	1
3526	1
3527	1
3528	1
3529	1
3530	1
3531	3
3532	2
3533	3
3534	1
3535	1
3536	1
3537	1
3538	1
3539	1
3540	1
3541	1
3542	1
3543	1
3544	3
3545	1
3546	1
3547	1
3548	3
3549	3
3550	1
3551	1
3552	3
3553	1
3554	3
3555	1
3556	1
3557	3
3558	1
3559	1
3560	1
3561	1
3562	3
3563	1
3564	3
3565	3
3566	2
3567	1
3568	3
3569	3
3570	3
3571	3
3572	1
3573	2
3574	2
3575	3
3576	1
3577	1
3578	1
3579	1
3580	1
3581	3
3582	3
3583	2
3584	3
3585	1
3586	1
3587	1
3588	3
3589	1
3590	1
3591	3
3592	3
3593	1
3594	1
3595	1
3596	1
3597	1
3598	1
3599	3
3600	1
3601	3
3602	3
3603	1
3604	1
3605	3
3606	1
3607	3
3608	3
3609	1
3610	1
3611	1
3612	1
3613	1
3614	1
3615	1
3616	1
3617	1
3618	1
3619	2
3620	1
3621	1
3622	3
3623	3
3624	3
3625	1
3626	1
3627	1
3628	1
3629	1
3630	3
3631	3
3632	1
3633	1
3634	1
3635	3
3636	2
3637	1
3638	1
3639	1
3640	1
3641	1
3642	1
3643	1
3644	3
3645	3
3646	3
3647	1
3648	1
3649	1
3650	1
3651	3
3652	1
3653	3
3654	3
3655	1
3656	2
3657	1
3658	1
3659	1
3660	1
3661	1
3662	1
3663	1
3664	2
3665	1
3666	2
3667	1
3668	3
3669	3
3670	1
3671	3
3672	2
3673	1
3674	3
3675	1
3676	1
3677	1
3678	1
3679	3
3680	1
3681	1
3682	1
3683	1
3684	1
3685	3
3686	1
3687	3
3688	3
3689	1
3690	1
3691	3
3692	2
3693	1
3694	1
3695	3
3696	1
3697	1
3698	1
3699	1
3700	1
3701	1
3702	1
3703	1
3704	1
3705	1
3706	1
3707	3
3708	1
3709	3
3710	3
3711	3
3712	1
3713	1
3714	3
3715	1
3716	1
3717	3
3718	1
3719	3
3720	1
3721	3
3722	1
3723	1
3724	1
3725	1
3726	1
3727	3
3728	1
3729	1
3730	1
3731	1
3732	1
3733	3
3734	1
3735	3
3736	1
3737	1
3738	1
3739	2
3740	1
3741	1
3742	1
3743	1
3744	1
3745	1
3746	2
3747	1
3748	1
3749	1
3750	1
3751	1
3752	3
3753	1
3754	1
3755	2
3756	1
3757	1
3758	1
3759	1
3760	2
3761	1
3762	1
3763	3
3764	3
3765	3
3766	1
3767	1
3768	1
3769	1
3770	1
3771	3
3772	3
3773	1
3774	1
3775	1
3776	2
3777	2
3778	1
3779	3
3780	1
3781	1
3782	1
3783	1
3784	2
3785	1
3786	3
3787	1
3788	2
3789	2
3790	1
3791	1
3792	3
3793	1
3794	1
3795	1
3796	1
3797	1
3798	3
3799	1
3800	3
3801	1
3802	1
3803	1
3804	3
3805	1
3806	3
3807	1
3808	1
3809	1
3810	1
3811	3
3812	1
3813	1
3814	1
3815	3
3816	1
3817	3
3818	3
3819	1
3820	1
3821	1
3822	1
3823	1
3824	3
3825	2
3826	2
3827	1
3828	1
3829	3
3830	3
3831	1
3832	3
3833	1
3834	1
3835	3
3836	1
3837	1
3838	3
3839	1
3840	1
3841	1
3842	3
3843	1
3844	1
3845	2
3846	1
3847	3
3848	3
3849	1
3850	1
3851	3
3852	2
3853	1
3854	1
3855	1
3856	1
3857	3
3858	1
3859	1
3860	1
3861	3
3862	1
3863	3
3864	3
3865	1
3866	1
3867	1
3868	1
3869	3
3870	1
3871	1
3872	3
3873	1
3874	1
3875	1
3876	1
3877	3
3878	3
3879	3
3880	1
3881	1
3882	2
3883	1
3884	1
3885	2
3886	3
3887	1
3888	3
3889	1
3890	3
3891	1
3892	1
3893	3
3894	2
3895	1
3896	1
3897	2
3898	3
3899	1
3900	1
3901	1
3902	1
3903	1
3904	1
3905	3
3906	1
3907	3
3908	1
3909	3
3910	3
3911	3
3912	3
3913	1
3914	1
3915	3
3916	1
3917	1
3918	1
3919	3
3920	1
3921	1
3922	1
3923	1
3924	1
3925	1
3926	2
3927	1
3928	2
3929	2
3930	2
3931	1
3932	1
3933	3
3934	1
3935	2
3936	3
3937	3
3938	3
3939	3
3940	1
3941	1
3942	1
3943	1
3944	3
3945	1
3946	3
3947	1
3948	1
3949	3
3950	1
3951	3
3952	1
3953	1
3954	1
3955	1
3956	1
3957	1
3958	3
3959	1
3960	1
3961	1
3962	1
3963	3
3964	1
3965	1
3966	3
3967	3
3968	2
3969	3
3970	1
3971	1
3972	3
3973	1
3974	1
3975	3
3976	1
3977	3
3978	3
3979	1
3980	3
3981	1
3982	1
3983	1
3984	3
3985	1
3986	1
3987	2
3988	1
3989	3
3990	3
3991	3
3992	1
3993	3
3994	1
3995	3
3996	1
3997	1
3998	1
3999	3
4000	3
4001	1
4002	3
4003	1
4004	1
4005	1
4006	3
4007	3
4008	3
4009	1
4010	3
4011	1
4012	1
4013	3
4014	1
4015	2
4016	1
4017	2
4018	2
4019	1
4020	1
4021	1
4022	1
4023	1
4024	1
4025	3
4026	1
4027	1
4028	1
4029	3
4030	3
4031	1
4032	1
4033	1
4034	1
4035	1
4036	3
4037	3
4038	3
4039	1
4040	1
4041	1
4042	2
4043	3
4044	3
4045	1
4046	1
4047	3
4048	3
4049	1
4050	1
4051	1
4052	1
4053	1
4054	1
4055	3
4056	1
4057	1
4058	1
4059	1
4060	1
4061	1
4062	3
4063	3
4064	3
4065	3
4066	3
4067	3
4068	1
4069	3
4070	3
4071	3
4072	1
4073	2
4074	1
4075	3
4076	1
4077	1
4078	1
4079	1
4080	1
4081	1
4082	2
4083	1
4084	2
4085	3
4086	1
4087	1
4088	1
4089	3
4090	1
4091	1
4092	1
4093	1
4094	1
4095	1
4096	3
4097	1
4098	1
4099	1
4100	1
4101	3
4102	1
4103	3
4104	3
4105	3
4106	1
4107	1
4108	3
4109	1
4110	3
4111	1
4112	1
4113	3
4114	3
4115	1
4116	1
4117	3
4118	3
4119	3
4120	1
4121	2
4122	3
4123	1
4124	1
4125	3
4126	1
4127	1
4128	1
4129	1
4130	3
4131	1
4132	1
4133	1
4134	1
4135	1
4136	2
4137	1
4138	3
4139	3
4140	3
4141	2
4142	1
4143	3
4144	1
4145	1
4146	1
4147	1
4148	1
4149	1
4150	1
4151	1
4152	3
4153	3
4154	3
4155	3
4156	3
4157	1
4158	1
4159	3
4160	1
4161	3
4162	3
4163	2
4164	1
4165	3
4166	3
4167	1
4168	3
4169	2
4170	1
4171	3
4172	1
4173	1
4174	1
4175	1
4176	1
4177	1
4178	1
4179	1
4180	1
4181	1
4182	1
4183	1
4184	1
4185	1
4186	3
4187	1
4188	3
4189	1
4190	1
4191	1
4192	1
4193	1
4194	3
4195	3
4196	1
4197	3
4198	2
4199	1
4200	1
4201	1
4202	1
4203	1
4204	3
4205	2
4206	3
4207	3
4208	3
4209	1
4210	1
4211	1
4212	1
4213	1
4214	3
4215	2
4216	3
4217	2
4218	1
4219	1
4220	3
4221	1
4222	1
4223	1
4224	1
4225	1
4226	1
4227	3
4228	3
4229	1
4230	2
4231	1
4232	3
4233	1
4234	2
4235	1
4236	1
4237	1
4238	3
4239	1
4240	3
4241	1
4242	1
4243	1
4244	1
4245	1
4246	1
4247	1
4248	1
4249	1
4250	3
4251	1
4252	3
4253	1
4254	1
4255	1
4256	1
4257	1
4258	1
4259	1
4260	3
4261	2
4262	1
4263	1
4264	3
4265	1
4266	1
4267	2
4268	1
4269	3
4270	1
4271	1
4272	3
4273	1
4274	2
4275	1
4276	1
4277	3
4278	1
4279	1
4280	1
4281	1
4282	1
4283	1
4284	1
4285	2
4286	3
4287	1
4288	1
4289	1
4290	1
4291	1
4292	3
4293	1
4294	3
4295	1
4296	1
4297	1
4298	1
4299	1
4300	1
4301	1
4302	3
4303	1
4304	3
4305	1
4306	1
4307	1
4308	1
4309	1
4310	3
4311	1
4312	1
4313	1
4314	1
4315	1
4316	1
4317	1
4318	1
4319	1
4320	3
4321	1
4322	1
4323	1
4324	1
4325	1
4326	1
4327	3
4328	3
4329	1
4330	3
4331	1
4332	1
4333	1
4334	1
4335	3
4336	1
4337	3
4338	1
4339	1
4340	1
4341	1
4342	1
4343	2
4344	3
4345	2
4346	1
4347	1
4348	3
4349	2
4350	1
4351	1
4352	1
4353	1
4354	3
4355	3
4356	1
4357	3
4358	1
4359	3
4360	1
4361	1
4362	3
4363	3
4364	1
4365	1
4366	1
4367	1
4368	3
4369	1
4370	3
4371	3
4372	1
4373	1
4374	1
4375	3
4376	3
4377	1
4378	1
4379	1
4380	1
4381	1
4382	1
4383	3
4384	1
4385	1
4386	1
4387	1
4388	1
4389	1
4390	3
4391	2
4392	1
4393	2
4394	1
4395	1
4396	1
4397	1
4398	1
4399	1
4400	1
4401	1
4402	3
4403	1
4404	1
4405	2
4406	3
4407	1
4408	2
4409	3
4410	1
4411	1
4412	1
4413	2
4414	1
4415	3
4416	2
4417	1
4418	3
4419	1
4420	1
4421	1
4422	2
4423	1
4424	1
4425	3
4426	3
4427	3
4428	3
4429	1
4430	1
4431	1
4432	3
4433	1
4434	1
4435	3
4436	3
4437	3
4438	2
4439	3
4440	3
4441	1
4442	2
4443	1
4444	3
4445	1
4446	3
4447	3
4448	1
4449	1
4450	1
4451	1
4452	1
4453	1
4454	1
4455	1
4456	1
4457	1
4458	1
4459	3
4460	3
4461	2
4462	2
4463	1
4464	1
4465	2
4466	1
4467	3
4468	3
4469	1
4470	1
4471	1
4472	3
4473	1
4474	1
4475	3
4476	1
4477	1
4478	3
4479	2
4480	3
4481	1
4482	3
4483	3
4484	2
4485	1
4486	1
4487	1
4488	1
4489	1
4490	1
4491	1
4492	1
4493	1
4494	1
4495	1
4496	1
4497	2
4498	3
4499	1
4500	1
4501	2
4502	1
4503	1
4504	1
4505	3
4506	1
4507	1
4508	3
4509	1
4510	2
4511	1
4512	3
4513	1
4514	3
4515	1
4516	1
4517	1
4518	3
4519	1
4520	1
4521	1
4522	1
4523	1
4524	3
4525	1
4526	1
4527	3
4528	1
4529	3
4530	1
4531	2
4532	3
4533	1
4534	1
4535	1
4536	1
4537	3
4538	3
4539	2
4540	2
4541	1
4542	3
4543	1
4544	1
4545	1
4546	1
4547	1
4548	1
4549	3
4550	3
4551	1
4552	2
4553	3
4554	3
4555	1
4556	3
4557	3
4558	2
4559	2
4560	1
4561	1
4562	1
4563	1
4564	1
4565	1
4566	3
4567	1
4568	1
4569	3
4570	1
4571	3
4572	1
4573	1
4574	2
4575	1
4576	1
4577	3
4578	1
4579	2
4580	1
4581	1
4582	1
4583	3
4584	1
4585	1
4586	3
4587	3
4588	1
4589	1
4590	1
4591	3
4592	1
4593	1
4594	1
4595	1
4596	1
4597	1
4598	3
4599	3
4600	1
4601	2
4602	3
4603	3
4604	1
4605	3
4606	3
4607	1
4608	1
4609	1
4610	1
4611	1
4612	1
4613	3
4614	1
4615	3
4616	3
4617	1
4618	3
4619	1
4620	1
4621	1
4622	3
4623	2
4624	1
4625	1
4626	1
4627	1
4628	3
4629	3
4630	3
4631	3
4632	1
4633	3
4634	1
4635	1
4636	1
4637	1
4638	3
4639	1
4640	1
4641	1
4642	1
4643	1
4644	1
4645	1
4646	1
4647	3
4648	1
4649	3
4650	1
4651	3
4652	1
4653	1
4654	1
4655	1
4656	1
4657	1
4658	1
4659	3
4660	3
4661	1
4662	1
4663	1
4664	1
4665	1
4666	1
4667	1
4668	1
4669	1
4670	1
4671	1
4672	1
4673	1
4674	2
4675	1
4676	1
4677	1
4678	1
4679	1
4680	1
4681	3
4682	1
4683	1
4684	1
4685	1
4686	1
4687	3
4688	3
4689	1
4690	3
4691	1
4692	3
4693	1
4694	1
4695	1
4696	1
4697	1
4698	1
4699	1
4700	3
4701	1
4702	1
4703	1
4704	3
4705	1
4706	3
4707	1
4708	1
4709	1
4710	3
4711	1
4712	1
4713	1
4714	1
4715	1
4716	1
4717	1
4718	1
4719	3
4720	1
4721	1
4722	1
4723	1
4724	1
4725	1
4726	1
4727	3
4728	3
4729	3
4730	2
4731	1
4732	1
4733	1
4734	1
4735	2
4736	2
4737	1
4738	1
4739	3
4740	3
4741	3
4742	2
4743	1
4744	1
4745	1
4746	1
4747	1
4748	2
4749	1
4750	1
4751	1
4752	3
4753	3
4754	1
4755	1
4756	3
4757	3
4758	1
4759	1
4760	3
4761	1
4762	3
4763	1
4764	3
4765	3
4766	1
4767	3
4768	1
4769	1
4770	1
4771	1
4772	1
4773	1
4774	1
4775	3
4776	1
4777	1
4778	1
4779	1
4780	3
4781	1
4782	1
4783	3
4784	1
4785	1
4786	3
4787	1
4788	1
4789	3
4790	3
4791	1
4792	1
4793	2
4794	3
4795	1
4796	2
4797	1
4798	3
4799	1
4800	2
4801	1
4802	1
4803	2
4804	1
4805	1
4806	2
4807	1
4808	3
4809	1
4810	1
4811	1
4812	1
4813	1
4814	1
4815	1
4816	3
4817	1
4818	1
4819	1
4820	1
4821	1
4822	1
4823	1
4824	2
4825	1
4826	1
4827	3
4828	3
4829	1
4830	1
4831	1
4832	1
4833	1
4834	3
4835	1
4836	1
4837	1
4838	1
4839	2
4840	3
4841	1
4842	1
4843	1
4844	1
4845	1
4846	3
4847	1
4848	3
4849	1
4850	2
4851	1
4852	1
4853	3
4854	1
4855	1
4856	1
4857	1
4858	1
4859	1
4860	1
4861	1
4862	1
4863	1
4864	1
4865	1
4866	3
4867	1
4868	1
4869	3
4870	1
4871	1
4872	3
4873	2
4874	1
4875	1
4876	3
4877	1
4878	1
4879	1
4880	1
4881	3
4882	1
4883	3
4884	1
4885	1
4886	2
4887	3
4888	3
4889	1
4890	1
4891	1
4892	1
4893	1
4894	1
4895	1
4896	1
4897	1
4898	3
4899	1
4900	3
4901	1
4902	1
4903	1
4904	1
4905	1
4906	1
4907	1
4908	1
4909	3
4910	1
4911	1
4912	3
4913	1
4914	1
4915	1
4916	3
4917	3
4918	1
4919	1
4920	1
4921	1
4922	2
4923	2
4924	1
4925	1
4926	1
4927	1
4928	1
4929	1
4930	1
4931	3
4932	1
4933	1
4934	2
4935	3
4936	1
4937	3
4938	3
4939	3
4940	1
4941	3
4942	1
4943	3
4944	3
4945	1
4946	1
4947	2
4948	1
4949	1
4950	1
4951	3
4952	1
4953	3
4954	1
4955	3
4956	1
4957	3
4958	1
4959	3
4960	1
4961	1
4962	1
4963	1
4964	1
4965	1
4966	3
4967	1
4968	1
4969	1
4970	3
4971	1
4972	1
4973	3
4974	1
4975	1
4976	2
4977	1
4978	1
4979	1
4980	1
4981	2
4982	1
4983	3
4984	1
4985	2
4986	1
4987	1
4988	1
4989	3
4990	1
4991	1
4992	1
4993	1
4994	2
4995	2
4996	3
4997	3
4998	1
4999	1
5000	1
5001	1
5002	1
5003	1
5004	3
5005	1
5006	1
5007	1
5008	1
5009	2
5010	3
5011	1
5012	3
5013	1
5014	1
5015	3
5016	1
5017	1
5018	1
5019	1
5020	1
5021	1
5022	1
5023	2
5024	1
5025	1
5026	2
5027	1
5028	2
5029	1
5030	1
5031	1
5032	3
5033	1
5034	1
5035	3
5036	3
5037	1
5038	1
5039	3
5040	3
5041	1
5042	1
5043	3
5044	2
5045	3
5046	3
5047	1
5048	1
5049	1
5050	2
5051	1
5052	1
5053	1
5054	3
5055	1
5056	3
5057	1
5058	1
5059	1
5060	2
5061	1
5062	1
5063	3
5064	1
5065	3
5066	3
5067	1
5068	2
5069	1
5070	1
5071	1
5072	1
5073	1
5074	1
5075	1
5076	1
5077	1
5078	1
5079	2
5080	1
5081	1
5082	3
5083	1
5084	1
5085	1
5086	1
5087	1
5088	1
5089	1
5090	1
5091	2
5092	1
5093	3
5094	3
5095	1
5096	1
5097	1
5098	1
5099	3
5100	3
5101	1
5102	1
5103	2
5104	1
5105	1
5106	1
5107	3
5108	1
5109	1
5110	1
5111	3
5112	1
5113	1
5114	1
5115	1
5116	1
5117	1
5118	1
5119	3
5120	3
5121	3
5122	1
5123	1
5124	3
5125	1
5126	1
5127	1
5128	3
5129	1
5130	1
5131	3
5132	2
5133	1
5134	3
5135	1
5136	1
5137	1
5138	3
5139	3
5140	3
5141	1
5142	3
5143	1
5144	1
5145	1
5146	1
5147	1
5148	1
5149	1
5150	1
5151	1
5152	1
5153	1
5154	2
5155	1
5156	1
5157	2
5158	1
5159	2
5160	1
5161	1
5162	1
5163	1
5164	1
5165	3
5166	3
5167	1
5168	1
5169	2
5170	3
5171	1
5172	1
5173	1
5174	1
5175	1
5176	1
5177	3
5178	1
5179	1
5180	1
5181	1
5182	1
5183	3
5184	1
5185	1
5186	3
5187	3
5188	2
5189	1
5190	3
5191	1
5192	1
5193	1
5194	1
5195	1
5196	1
5197	1
5198	1
5199	3
5200	1
5201	1
5202	3
5203	1
5204	3
5205	1
5206	1
5207	1
5208	3
5209	3
5210	3
5211	1
5212	1
5213	3
5214	1
5215	1
5216	3
5217	1
5218	1
5219	1
5220	3
5221	3
5222	3
5223	3
5224	1
5225	1
5226	1
5227	1
5228	3
5229	2
5230	1
5231	3
5232	1
5233	3
5234	3
5235	1
5236	1
5237	1
5238	1
5239	2
5240	1
5241	1
5242	2
5243	3
5244	3
5245	1
5246	1
5247	1
5248	1
5249	1
5250	3
5251	1
5252	3
5253	1
5254	1
5255	3
5256	3
5257	1
5258	1
5259	2
5260	3
5261	1
5262	3
5263	3
5264	1
5265	1
5266	1
5267	1
5268	1
5269	1
5270	1
5271	1
5272	1
5273	1
5274	1
5275	1
5276	1
5277	3
5278	1
5279	3
5280	1
5281	3
5282	3
5283	1
5284	1
5285	1
5286	3
5287	3
5288	1
5289	3
5290	1
5291	1
5292	3
5293	3
5294	1
5295	1
5296	1
5297	3
5298	2
5299	3
5300	3
5301	2
5302	3
5303	3
5304	1
5305	2
5306	1
5307	1
5308	1
5309	1
5310	1
5311	2
5312	1
5313	1
5314	3
5315	2
5316	1
5317	1
5318	1
5319	1
5320	3
5321	1
5322	3
5323	1
5324	1
5325	1
5326	1
5327	3
5328	1
5329	3
5330	2
5331	1
5332	1
5333	1
5334	1
5335	3
5336	1
5337	1
5338	1
5339	1
5340	3
5341	3
5342	1
5343	3
5344	1
5345	3
5346	1
5347	3
5348	1
5349	1
5350	1
5351	1
5352	2
5353	3
5354	1
5355	1
5356	1
5357	3
5358	1
5359	3
5360	2
5361	2
5362	1
5363	1
5364	1
5365	3
5366	1
5367	1
5368	1
5369	1
5370	1
5371	3
5372	3
5373	1
5374	1
5375	1
5376	1
5377	1
5378	1
5379	1
5380	3
5381	1
5382	1
5383	1
5384	3
5385	1
5386	1
5387	2
5388	3
5389	1
5390	1
5391	1
5392	3
5393	1
5394	1
5395	3
5396	1
5397	1
5398	3
5399	1
5400	2
5401	3
5402	1
5403	3
5404	3
5405	3
5406	1
5407	1
5408	1
5409	1
5410	2
5411	1
5412	1
5413	3
5414	3
5415	1
5416	1
5417	1
5418	3
5419	3
5420	1
5421	2
5422	1
5423	1
5424	3
5425	1
5426	1
5427	3
5428	1
5429	1
5430	1
5431	3
5432	3
5433	3
5434	1
5435	3
5436	3
5437	2
5438	1
5439	1
5440	1
5441	1
5442	2
5443	1
5444	3
5445	3
5446	1
5447	1
5448	3
5449	1
5450	1
5451	1
5452	3
5453	1
5454	3
5455	1
5456	1
5457	1
5458	1
5459	1
5460	1
5461	1
5462	1
5463	1
5464	1
5465	1
5466	1
5467	1
5468	1
5469	1
5470	1
5471	1
5472	1
5473	1
5474	1
5475	1
5476	1
5477	1
5478	3
5479	3
5480	1
5481	1
5482	3
5483	1
5484	3
5485	1
5486	2
5487	3
5488	1
5489	3
5490	1
5491	1
5492	3
5493	1
5494	1
5495	3
5496	1
5497	1
5498	1
5499	1
5500	1
5501	1
5502	1
5503	1
5504	1
5505	1
5506	3
5507	1
5508	1
5509	3
5510	1
5511	1
5512	3
5513	1
5514	3
5515	3
5516	3
5517	1
5518	1
5519	3
5520	1
5521	2
5522	1
5523	3
5524	1
5525	1
5526	1
5527	1
5528	1
5529	3
5530	2
5531	1
5532	3
5533	3
5534	3
5535	3
5536	3
5537	1
5538	3
5539	1
5540	1
5541	3
5542	3
5543	3
5544	3
5545	1
5546	1
5547	1
5548	2
5549	1
5550	1
5551	1
5552	1
5553	3
5554	1
5555	3
5556	1
5557	1
5558	2
5559	1
5560	1
5561	1
5562	3
5563	1
5564	3
5565	1
5566	1
5567	2
5568	1
5569	3
5570	1
5571	3
5572	1
5573	1
5574	3
5575	2
5576	3
5577	1
5578	1
5579	3
5580	1
5581	1
5582	3
5583	1
5584	1
5585	1
5586	3
5587	3
5588	2
5589	1
5590	2
5591	1
5592	3
5593	1
5594	1
5595	1
5596	3
5597	1
5598	1
5599	1
5600	1
5601	1
5602	1
5603	1
5604	1
5605	1
5606	1
5607	1
5608	1
5609	2
5610	1
5611	1
5612	2
5613	2
5614	2
5615	1
5616	1
5617	1
5618	1
5619	1
5620	1
5621	3
5622	1
5623	3
5624	3
5625	3
5626	1
5627	1
5628	3
5629	3
5630	1
5631	1
5632	1
5633	3
5634	1
5635	1
5636	1
5637	1
5638	1
5639	1
5640	3
5641	1
5642	1
5643	1
5644	1
5645	1
5646	1
5647	1
5648	1
5649	1
5650	1
5651	1
5652	1
5653	1
5654	1
5655	1
5656	1
5657	1
5658	1
5659	3
5660	1
5661	3
5662	1
5663	2
5664	3
5665	3
5666	3
5667	1
5668	1
5669	1
5670	3
5671	1
5672	3
5673	3
5674	1
5675	1
5676	3
5677	3
5678	2
5679	1
5680	1
5681	3
5682	3
5683	1
5684	1
5685	2
5686	1
5687	1
5688	2
5689	1
5690	3
5691	1
5692	3
5693	1
5694	2
5695	3
5696	1
5697	1
5698	3
5699	3
5700	3
5701	1
5702	3
5703	2
5704	3
5705	3
5706	3
5707	1
5708	3
5709	3
5710	1
5711	1
5712	1
5713	2
5714	1
5715	1
5716	1
5717	1
5718	1
5719	1
5720	3
5721	1
5722	2
5723	3
5724	3
5725	1
5726	1
5727	1
5728	3
5729	1
5730	1
5731	3
5732	1
5733	1
5734	1
5735	1
5736	1
5737	1
5738	3
5739	3
5740	1
5741	1
5742	3
5743	2
5744	3
5745	1
5746	1
5747	1
5748	1
5749	1
5750	2
5751	1
5752	2
5753	3
5754	1
5755	1
5756	1
5757	1
5758	3
5759	3
5760	1
5761	3
5762	2
5763	1
5764	1
5765	1
5766	1
5767	2
5768	2
5769	3
5770	1
5771	1
5772	1
5773	1
5774	3
5775	1
5776	1
5777	3
5778	3
5779	1
5780	1
5781	1
5782	2
5783	1
5784	1
5785	3
5786	1
5787	3
5788	1
5789	1
5790	1
5791	2
5792	3
5793	2
5794	1
5795	1
5796	1
5797	3
5798	3
5799	1
5800	3
5801	2
5802	3
5803	1
5804	1
5805	1
5806	1
5807	1
5808	1
5809	1
5810	2
5811	1
5812	1
5813	3
5814	1
5815	1
5816	1
5817	2
5818	1
5819	1
5820	2
5821	3
5822	3
5823	1
5824	1
5825	3
5826	3
5827	1
5828	2
5829	1
5830	1
5831	1
5832	1
5833	1
5834	1
5835	1
5836	3
5837	1
5838	1
5839	2
5840	1
5841	1
5842	2
5843	1
5844	1
5845	1
5846	1
5847	1
5848	1
5849	3
5850	3
5851	1
5852	1
5853	1
5854	3
5855	3
5856	3
5857	1
5858	3
5859	1
5860	3
5861	1
5862	1
5863	1
5864	1
5865	3
5866	1
5867	1
5868	1
5869	3
5870	1
5871	1
5872	2
5873	1
5874	3
5875	1
5876	3
5877	1
5878	1
5879	1
5880	1
5881	2
5882	1
5883	3
5884	1
5885	3
5886	2
5887	1
5888	1
5889	1
5890	1
5891	1
5892	1
5893	1
5894	1
5895	3
5896	3
5897	2
5898	3
5899	1
5900	1
5901	3
5902	3
5903	1
5904	3
5905	1
5906	1
5907	1
5908	1
5909	1
5910	1
5911	3
5912	1
5913	1
5914	1
5915	1
5916	3
5917	1
5918	1
5919	3
5920	3
5921	1
5922	1
5923	1
5924	1
5925	1
5926	1
5927	1
5928	1
5929	1
5930	3
5931	1
5932	1
5933	1
5934	1
5935	1
5936	1
5937	1
5938	3
5939	1
5940	2
5941	1
5942	1
5943	1
5944	3
5945	1
5946	2
5947	3
5948	1
5949	1
5950	3
5951	1
5952	1
5953	3
5954	1
5955	2
5956	2
5957	1
5958	2
5959	1
5960	3
5961	3
5962	1
5963	3
5964	1
5965	1
5966	1
5967	1
5968	1
5969	1
5970	3
5971	1
5972	1
5973	1
5974	2
5975	1
5976	1
5977	1
5978	1
5979	1
5980	3
5981	1
5982	1
5983	1
5984	1
5985	2
5986	2
5987	1
5988	1
5989	1
5990	3
5991	1
5992	3
5993	1
5994	1
5995	1
5996	3
5997	1
5998	3
5999	1
6000	1
6001	1
6002	1
6003	1
6004	2
6005	1
6006	1
6007	1
6008	3
6009	3
6010	3
6011	1
6012	1
6013	1
6014	1
6015	3
6016	1
6017	1
6018	1
6019	3
6020	1
6021	1
6022	2
6023	1
6024	1
6025	2
6026	1
6027	1
6028	1
6029	1
6030	3
6031	1
6032	1
6033	1
6034	1
6035	1
6036	3
6037	1
6038	1
6039	1
6040	1
6041	1
6042	3
6043	1
6044	2
6045	3
6046	1
6047	1
6048	1
6049	1
6050	1
6051	3
6052	1
6053	1
6054	1
6055	1
6056	3
6057	1
6058	1
6059	1
6060	3
6061	1
6062	3
6063	1
6064	2
6065	1
6066	1
6067	1
6068	1
6069	3
6070	2
6071	3
6072	3
6073	3
6074	1
6075	3
6076	3
6077	3
6078	3
6079	3
6080	1
6081	1
6082	1
6083	3
6084	3
6085	1
6086	1
6087	1
6088	1
6089	1
6090	2
6091	1
6092	1
6093	3
6094	1
6095	3
6096	1
6097	1
6098	3
6099	3
6100	1
6101	3
6102	3
6103	3
6104	1
6105	3
6106	2
6107	1
6108	1
6109	1
6110	3
6111	3
6112	1
6113	1
6114	3
6115	1
6116	1
6117	1
6118	1
6119	1
6120	1
6121	2
6122	1
6123	1
6124	3
6125	3
6126	2
6127	2
6128	1
6129	1
6130	1
6131	3
6132	3
6133	3
6134	1
6135	3
6136	3
6137	1
6138	3
6139	3
6140	1
6141	1
6142	1
6143	3
6144	1
6145	1
6146	1
6147	3
6148	1
6149	1
6150	3
6151	3
6152	2
6153	1
6154	1
6155	1
6156	1
6157	1
6158	1
6159	1
6160	1
6161	3
6162	1
6163	1
6164	3
6165	1
6166	3
6167	3
6168	1
6169	1
6170	1
6171	1
6172	1
6173	3
6174	1
6175	3
6176	1
6177	1
6178	1
6179	3
6180	1
6181	1
6182	1
6183	1
6184	1
6185	1
6186	1
6187	1
6188	3
6189	1
6190	1
6191	1
6192	3
6193	1
6194	2
6195	3
6196	3
6197	1
6198	1
6199	1
6200	3
6201	3
6202	3
6203	1
6204	3
6205	1
6206	1
6207	1
6208	1
6209	1
6210	1
6211	3
6212	1
6213	3
6214	1
6215	3
6216	1
6217	1
6218	2
6219	1
6220	2
6221	3
6222	1
6223	1
6224	1
6225	3
6226	1
6227	1
6228	2
6229	1
6230	1
6231	2
6232	1
6233	3
6234	1
6235	1
6236	1
6237	3
6238	1
6239	1
6240	1
6241	1
6242	1
6243	3
6244	1
6245	3
6246	1
6247	1
6248	3
6249	1
6250	1
6251	1
6252	1
6253	1
6254	1
6255	3
6256	3
6257	1
6258	1
6259	1
6260	3
6261	1
6262	3
6263	1
6264	1
6265	3
6266	1
6267	1
6268	1
6269	3
6270	1
6271	1
6272	1
6273	1
6274	1
6275	1
6276	1
6277	1
6278	3
6279	1
6280	1
6281	1
6282	3
6283	1
6284	3
6285	1
6286	1
6287	1
6288	3
6289	1
6290	3
6291	1
6292	1
6293	1
6294	3
6295	1
6296	3
6297	3
6298	1
6299	3
6300	3
6301	1
6302	3
6303	2
6304	3
6305	1
6306	1
6307	1
6308	1
6309	3
6310	1
6311	3
6312	1
6313	1
6314	1
6315	1
6316	1
6317	1
6318	1
6319	1
6320	3
6321	1
6322	1
6323	3
6324	1
6325	1
6326	1
6327	1
6328	1
6329	2
6330	3
6331	3
6332	1
6333	1
6334	1
6335	1
6336	1
6337	1
6338	1
6339	3
6340	1
6341	2
6342	1
6343	1
6344	3
6345	1
6346	3
6347	3
6348	2
6349	2
6350	3
6351	1
6352	1
6353	3
6354	3
6355	2
6356	1
6357	3
6358	2
6359	1
6360	3
6361	3
6362	1
6363	1
6364	3
6365	1
6366	1
6367	1
6368	3
6369	1
6370	1
6371	1
6372	2
6373	1
6374	1
6375	1
6376	2
6377	1
6378	3
6379	1
6380	1
6381	1
6382	1
6383	1
6384	1
6385	3
6386	1
6387	3
6388	3
6389	2
6390	1
6391	1
6392	1
6393	1
6394	1
6395	1
6396	3
6397	1
6398	1
6399	1
6400	3
6401	3
6402	2
6403	3
6404	1
6405	1
6406	3
6407	1
6408	3
6409	3
6410	1
6411	1
6412	1
6413	3
6414	3
6415	1
6416	3
6417	1
6418	3
6419	3
6420	1
6421	1
6422	1
6423	3
6424	3
6425	1
6426	1
6427	1
6428	1
6429	3
6430	1
6431	1
6432	3
6433	1
6434	1
6435	1
6436	1
6437	1
6438	3
6439	1
6440	1
6441	1
6442	1
6443	1
6444	1
6445	1
6446	1
6447	3
6448	1
6449	3
6450	3
6451	1
6452	2
6453	2
6454	1
6455	3
6456	1
6457	1
6458	2
6459	1
6460	1
6461	1
6462	3
6463	1
6464	1
6465	1
6466	1
6467	1
6468	1
6469	1
6470	3
6471	1
6472	3
6473	3
6474	1
6475	3
6476	1
6477	1
6478	1
6479	1
6480	2
6481	3
6482	1
6483	1
6484	3
6485	3
6486	1
6487	1
6488	1
6489	1
6490	1
6491	1
6492	1
6493	1
6494	1
6495	1
6496	1
6497	3
6498	1
6499	1
6500	1
6501	3
6502	1
6503	1
6504	1
6505	1
6506	1
6507	1
6508	1
6509	1
6510	3
6511	3
6512	2
6513	3
6514	1
6515	3
6516	1
6517	1
6518	1
6519	3
6520	2
6521	2
6522	1
6523	1
6524	1
6525	1
6526	1
6527	3
6528	1
6529	1
6530	1
6531	3
6532	2
6533	1
6534	3
6535	3
6536	1
6537	2
6538	3
6539	1
6540	2
6541	1
6542	1
6543	1
6544	3
6545	1
6546	1
6547	1
6548	1
6549	1
6550	1
6551	1
6552	3
6553	1
6554	1
6555	2
6556	3
6557	1
6558	1
6559	1
6560	1
6561	1
6562	3
6563	3
6564	1
6565	1
6566	1
6567	1
6568	1
6569	2
6570	1
6571	1
6572	1
6573	1
6574	3
6575	1
6576	1
6577	1
6578	1
6579	1
6580	1
6581	3
6582	1
6583	1
6584	1
6585	1
6586	1
6587	3
6588	1
6589	3
6590	1
6591	1
6592	3
6593	1
6594	3
6595	2
6596	3
6597	1
6598	3
6599	1
6600	1
6601	2
6602	1
6603	1
6604	1
6605	3
6606	1
6607	1
6608	3
6609	2
6610	1
6611	1
6612	1
6613	1
6614	1
6615	3
6616	3
6617	3
6618	1
6619	1
6620	3
6621	1
6622	3
6623	1
6624	2
6625	1
6626	1
6627	2
6628	1
6629	1
6630	3
6631	1
6632	1
6633	1
6634	1
6635	3
6636	1
6637	1
6638	1
6639	1
6640	1
6641	3
6642	3
6643	1
6644	2
6645	3
6646	1
6647	1
6648	1
6649	2
6650	3
6651	1
6652	1
6653	1
6654	2
6655	1
6656	1
6657	1
6658	1
6659	1
6660	1
6661	1
6662	3
6663	1
6664	1
6665	1
6666	3
6667	1
6668	1
6669	1
6670	2
6671	3
6672	1
6673	3
6674	1
6675	3
6676	1
6677	1
6678	1
6679	1
6680	3
6681	1
6682	1
6683	1
6684	1
6685	1
6686	1
6687	1
6688	3
6689	3
6690	1
6691	3
6692	3
6693	3
6694	1
6695	2
6696	3
6697	1
6698	3
6699	1
6700	1
6701	2
6702	3
6703	1
6704	1
6705	1
6706	1
6707	3
6708	1
6709	1
6710	3
6711	3
6712	3
6713	3
6714	1
6715	1
6716	1
6717	2
6718	1
6719	1
6720	1
6721	1
6722	2
6723	3
6724	1
6725	1
6726	2
6727	3
6728	3
6729	1
6730	1
6731	3
6732	1
6733	2
6734	1
6735	1
6736	1
6737	1
6738	1
6739	1
6740	1
6741	3
6742	1
6743	1
6744	3
6745	2
6746	1
6747	1
6748	3
6749	3
6750	1
6751	1
6752	1
6753	1
6754	1
6755	1
6756	1
6757	3
6758	1
6759	3
6760	1
6761	3
6762	1
6763	3
6764	1
6765	3
6766	1
6767	3
6768	1
6769	1
6770	1
6771	1
6772	3
6773	1
6774	1
6775	1
6776	1
6777	3
6778	1
6779	1
6780	3
6781	3
6782	1
6783	2
6784	1
6785	1
6786	1
6787	1
6788	1
6789	1
6790	1
6791	1
6792	3
6793	1
6794	1
6795	3
6796	1
6797	3
6798	3
6799	1
6800	1
6801	1
6802	3
6803	1
6804	1
6805	1
6806	1
6807	1
6808	3
6809	1
6810	1
6811	1
6812	1
6813	1
6814	1
6815	1
6816	3
6817	1
6818	1
6819	1
6820	1
6821	1
6822	1
6823	3
6824	3
6825	1
6826	1
6827	1
6828	1
6829	1
6830	1
6831	1
6832	1
6833	3
6834	3
6835	2
6836	1
6837	3
6838	1
6839	1
6840	1
6841	1
6842	3
6843	3
6844	3
6845	1
6846	1
6847	2
6848	1
6849	1
6850	3
6851	1
6852	1
6853	1
6854	1
6855	3
6856	1
6857	1
6858	3
6859	1
6860	1
6861	3
6862	3
6863	1
6864	1
6865	1
6866	1
6867	2
6868	1
6869	1
6870	1
6871	1
6872	3
6873	3
6874	3
6875	1
6876	1
6877	1
6878	3
6879	3
6880	1
6881	1
6882	1
6883	1
6884	1
6885	1
6886	1
6887	3
6888	2
6889	1
6890	1
6891	3
6892	1
6893	3
6894	1
6895	1
6896	2
6897	3
6898	1
6899	2
6900	1
6901	1
6902	1
6903	1
6904	1
6905	1
6906	1
6907	1
6908	3
6909	2
6910	1
6911	1
6912	3
6913	1
6914	1
6915	1
6916	2
6917	1
6918	1
6919	1
6920	1
6921	1
6922	1
6923	1
6924	1
6925	3
6926	1
6927	2
6928	3
6929	3
6930	1
6931	1
6932	3
6933	1
6934	1
6935	1
6936	1
6937	2
6938	1
6939	2
6940	1
6941	1
6942	1
6943	1
6944	1
6945	3
6946	2
6947	1
6948	3
6949	1
6950	2
6951	1
6952	1
6953	1
6954	1
6955	3
6956	3
6957	1
6958	3
6959	1
6960	1
6961	1
6962	1
6963	1
6964	3
6965	1
6966	1
6967	3
6968	1
6969	1
6970	1
6971	3
6972	3
6973	1
6974	1
6975	1
6976	1
6977	1
6978	1
6979	3
6980	3
6981	1
6982	1
6983	3
6984	1
6985	1
6986	1
6987	1
6988	1
6989	1
6990	3
6991	3
6992	1
6993	3
6994	1
6995	1
6996	1
6997	1
6998	2
6999	2
7000	1
7001	2
7002	1
7003	1
7004	1
7005	1
7006	1
7007	1
7008	3
7009	3
7010	1
7011	1
7012	3
7013	1
7014	1
7015	2
7016	2
7017	1
7018	1
7019	1
7020	3
7021	1
7022	1
7023	1
7024	1
7025	1
7026	1
7027	1
7028	3
7029	3
7030	1
7031	1
7032	3
7033	1
7034	3
7035	3
7036	1
7037	1
7038	3
7039	1
7040	1
7041	3
7042	1
7043	1
7044	2
7045	3
7046	1
7047	3
7048	3
7049	1
7050	1
7051	3
7052	3
7053	1
7054	3
7055	1
7056	1
7057	1
7058	2
7059	1
7060	3
7061	1
7062	1
7063	1
7064	2
7065	2
7066	1
7067	1
7068	3
7069	1
7070	1
7071	3
7072	1
7073	1
7074	3
7075	1
7076	1
7077	3
7078	1
7079	2
7080	1
7081	1
7082	1
7083	3
7084	1
7085	1
7086	1
7087	2
7088	3
7089	1
7090	1
7091	1
7092	1
7093	1
7094	2
7095	1
7096	3
7097	1
7098	3
7099	1
7100	1
7101	3
7102	3
7103	3
7104	1
7105	1
7106	1
7107	1
7108	1
7109	1
7110	1
7111	1
7112	3
7113	1
7114	1
7115	1
7116	3
7117	1
7118	3
7119	1
7120	1
7121	1
7122	1
7123	1
7124	3
7125	1
7126	3
7127	1
7128	1
7129	3
7130	1
7131	1
7132	1
7133	1
7134	3
7135	1
7136	1
7137	1
7138	3
7139	1
7140	3
7141	1
7142	3
7143	1
7144	1
7145	3
7146	1
7147	1
7148	1
7149	1
7150	1
7151	1
7152	1
7153	3
7154	1
7155	2
7156	3
7157	3
7158	3
7159	1
7160	3
7161	3
7162	1
7163	1
7164	3
7165	1
7166	2
7167	1
7168	2
7169	1
7170	3
7171	1
7172	1
7173	2
7174	3
7175	1
7176	3
7177	1
7178	3
7179	1
7180	1
7181	1
7182	2
7183	1
7184	1
7185	1
7186	1
7187	1
7188	1
7189	3
7190	1
7191	3
7192	3
7193	1
7194	1
7195	2
7196	1
7197	3
7198	1
7199	3
7200	1
7201	2
7202	3
7203	3
7204	1
7205	1
7206	1
7207	1
7208	3
7209	1
7210	3
7211	3
7212	3
7213	3
7214	3
7215	3
7216	1
7217	1
7218	3
7219	1
7220	1
7221	2
7222	2
7223	3
7224	1
7225	1
7226	3
7227	3
7228	3
7229	3
7230	3
7231	3
7232	3
7233	1
7234	1
7235	1
7236	3
7237	3
7238	2
7239	1
7240	1
7241	1
7242	2
7243	1
7244	2
7245	1
7246	1
7247	1
7248	1
7249	1
7250	1
7251	1
7252	1
7253	1
7254	1
7255	1
7256	3
7257	3
7258	2
7259	3
7260	3
7261	3
7262	1
7263	3
7264	3
7265	3
7266	3
7267	1
7268	1
7269	1
7270	1
7271	1
7272	1
7273	1
7274	1
7275	3
7276	1
7277	2
7278	1
7279	1
7280	1
7281	1
7282	2
7283	3
7284	1
7285	1
7286	1
7287	1
7288	1
7289	1
7290	3
7291	1
7292	3
7293	1
7294	1
7295	1
7296	1
7297	3
7298	1
7299	2
7300	1
7301	1
7302	3
7303	1
7304	3
7305	1
7306	1
7307	3
7308	3
7309	1
7310	1
7311	3
7312	1
7313	1
7314	1
7315	1
7316	1
7317	3
7318	1
7319	1
7320	1
7321	1
7322	1
7323	1
7324	1
7325	1
7326	1
7327	1
7328	1
7329	1
7330	3
7331	3
7332	1
7333	1
7334	1
7335	1
7336	3
7337	1
7338	3
7339	3
7340	1
7341	1
7342	1
7343	1
7344	1
7345	3
7346	1
7347	1
7348	2
7349	1
7350	3
7351	1
7352	3
7353	1
7354	1
7355	1
7356	1
7357	2
7358	3
7359	1
7360	3
7361	1
7362	1
7363	3
7364	1
7365	1
7366	1
7367	3
7368	1
7369	2
7370	1
7371	3
7372	1
7373	1
7374	1
7375	3
7376	1
7377	1
7378	1
7379	1
7380	3
7381	1
7382	3
7383	1
7384	1
7385	3
7386	1
7387	1
7388	1
7389	1
7390	1
7391	1
7392	3
7393	1
7394	3
7395	3
7396	1
7397	2
7398	1
7399	1
7400	1
7401	3
7402	1
7403	1
7404	3
7405	1
7406	1
7407	1
7408	1
7409	1
7410	1
7411	1
7412	1
7413	1
7414	1
7415	1
7416	1
7417	1
7418	1
7419	3
7420	1
7421	1
7422	1
7423	3
7424	1
7425	1
7426	3
7427	2
7428	1
7429	1
7430	1
7431	1
7432	1
7433	1
7434	1
7435	1
7436	1
7437	1
7438	1
7439	2
7440	1
7441	1
7442	1
7443	1
7444	3